          5       0.93      0.98      0.95        82
          6       0.85      0.94      0.89        70
          7       0.88      0.94      0.91        32
          8       0.53      1.00      0.70        48
          9       1.00      1.00      1.00        54
         10       0.73      0.89      0.80        54
         11       1.00      0.75      0.86        60
         12       1.00      0.57      0.73       105
         13       1.00      1.00      1.00       111
         14       0.93      1.00      0.96       108
         15       1.00      0.53      0.69        51
         16       1.00      0.50      0.67        48
         17       0.95      1.00      0.97        54

avg / total       0.91      0.89      0.88      1200


 confussion matrix:
/usr/lib/python2.7/dist-packages/scipy/sparse/coo.py:200: VisibleDeprecationWarning: `rank` is deprecated; use the `ndim` attribute
 or function instead. To find the rank of a matrix see `numpy.linalg.matrix_rank`.
  if np.rank(self.data) != 1 or np.rank(self.row) != 1 or np.rank(self.col) != 1:
[[ 60   0   0   0   0   0   0   0   0   0   0   0   0   0   0   0   0   0]
 [  0  60   3   0   0   0   0   0   0   0   0   0   0   0   0   0   0   0]
 [  0   0  45   0   0   0   0   0   0   0   0   0   0   0   0   0   0   0]
 [  0   0   0  42   0   0   0   0   0   0   0   0   0   0   0   0   0   0]
 [  0   0   0   3 104   6   0   0   0   0   0   0   0   0   0   0   0   0]
 [  0   0   0   0   2  80   0   0   0   0   0   0   0   0   0   0   0   0]
 [  0   0   0   0   0   0  66   4   0   0   0   0   0   0   0   0   0   0]
 [  0   0   0   0   0   0   0  30   0   0   0   0   0   0   2   0   0   0]
 [  0   0   0   0   0   0   0   0  48   0   0   0   0   0   0   0   0   0]
 [  0   0   0   0   0   0   0   0   0  54   0   0   0   0   0   0   0   0]
 [  0   0   0   0   0   0   0   0   0   0  48   0   0   0   3   0   0   3]
 [  0   0   0   0   0   0   0   0   0   0  15  45   0   0   0   0   0   0]
 [  0   0   0   0   0   0   0   0  42   0   0   0  60   0   3   0   0   0]
 [  0   0   0   0   0   0   0   0   0   0   0   0   0 111   0   0   0   0]
 [  0   0   0   0   0   0   0   0   0   0   0   0   0   0 108   0   0   0]
 [  0   0   0   0  21   0   0   0   0   0   3   0   0   0   0  27   0   0]
 [  0   0   3   0   9   0  12   0   0   0   0   0   0   0   0   0  24   0]
 [  0   0   0   0   0   0   0   0   0   0   0   0   0   0   0   0   0  54]]