Test accuracy: 0.837500
/home/ubuntu/.local/lib/python2.7/site-packages/sklearn/metrics/classification.py:1135: UndefinedMetricWarning: Precision and F-sco
re are ill-defined and being set to 0.0 in labels with no predicted samples.
  'precision', 'predicted', average, warn_for)
(array([ 1.        ,  1.        ,  0.9375    ,  0.93333333,  0.95049505,
        0.82474227,  0.75862069,  0.91666667,  0.34042553,  0.90566038,
        0.8490566 ,  1.        ,  0.        ,  1.        ,  0.76119403,
        1.        ,  1.        ,  0.9       ]), array([ 1.        ,  0.95238095,  1.        ,  1.        ,  0.84955752,
        0.97560976,  0.94285714,  0.6875    ,  1.        ,  0.88888889,
        0.83333333,  1.        ,  0.        ,  0.97297297,  0.94444444,
        0.82352941,  0.5625    ,  1.        ]), array([ 1.        ,  0.97560976,  0.96774194,  0.96551724,  0.89719626,
        0.89385475,  0.84076433,  0.78571429,  0.50793651,  0.89719626,
        0.8411215 ,  1.        ,  0.        ,  0.98630137,  0.84297521,
        0.90322581,  0.72      ,  0.94736842]), array([ 60,  63,  45,  42, 113,  82,  70,  32,  48,  54,  54,  60, 105,
       111, 108,  51,  48,  54]))
Accuracy: 0.8375
F1 score: 0.8375
Recall: 0.8375
Precision: 0.8375

 clasification report:
             precision    recall  f1-score   support

          0       1.00      1.00      1.00        60
          1       1.00      0.95      0.98        63
          2       0.94      1.00      0.97        45
          3       0.93      1.00      0.97        42
          4       0.95      0.85      0.90       113
          5       0.82      0.98      0.89        82
          6       0.76      0.94      0.84        70
          7       0.92      0.69      0.79        32
          8       0.34      1.00      0.51        48
          9       0.91      0.89      0.90        54
         10       0.85      0.83      0.84        54
         11       1.00      1.00      1.00        60
         12       0.00      0.00      0.00       105
         13       1.00      0.97      0.99       111
         14       0.76      0.94      0.84       108
         15       1.00      0.82      0.90        51
         16       1.00      0.56      0.72        48
         17       0.90      1.00      0.95        54

avg / total       0.81      0.84      0.81      1200


 confussion matrix:
/usr/lib/python2.7/dist-packages/scipy/sparse/coo.py:200: VisibleDeprecationWarning: `rank` is deprecated; use the `ndim` attribute
 or function instead. To find the rank of a matrix see `numpy.linalg.matrix_rank`.
  if np.rank(self.data) != 1 or np.rank(self.row) != 1 or np.rank(self.col) != 1:
[[ 60   0   0   0   0   0   0   0   0   0   0   0   0   0   0   0   0   0]
 [  0  60   3   0   0   0   0   0   0   0   0   0   0   0   0   0   0   0]
 [  0   0  45   0   0   0   0   0   0   0   0   0   0   0   0   0   0   0]
 [  0   0   0  42   0   0   0   0   0   0   0   0   0   0   0   0   0   0]
 [  0   0   0   3  96  14   0   0   0   0   0   0   0   0   0   0   0   0]
 [  0   0   0   0   2  80   0   0   0   0   0   0   0   0   0   0   0   0]
 [  0   0   0   0   0   0  66   2   0   0   0   0   0   0   2   0   0   0]
 [  0   0   0   0   0   0   0  22   0   2   2   0   0   0   6   0   0   0]
 [  0   0   0   0   0   0   0   0  48   0   0   0   0   0   0   0   0   0]
 [  0   0   0   0   0   0   0   0   0  48   0   0   0   0   6   0   0   0]
 [  0   0   0   0   0   0   0   0   3   0  45   0   0   0   3   0   0   3]
 [  0   0   0   0   0   0   0   0   0   0   0  60   0   0   0   0   0   0]
 [  0   0   0   0   0   0   0   0  90   0   0   0   0   0  15   0   0   0]
 [  0   0   0   0   0   0   0   0   0   3   0   0   0 108   0   0   0   0]
 [  0   0   0   0   0   0   0   0   0   0   3   0   0   0 102   0   0   3]
 [  0   0   0   0   0   3   3   0   0   0   3   0   0   0   0  42   0   0]
 [  0   0   0   0   3   0  18   0   0   0   0   0   0   0   0   0  27   0]
 [  0   0   0   0   0   0   0   0   0   0   0   0   0   0   0   0   0  54]]