Test accuracy: 0.823333
(array([ 1.        ,  1.        ,  0.75      ,  0.93333333,  0.91891892,
        0.80392157,  0.88      ,  0.92307692,  0.88235294,  0.85714286,
        0.88888889,  1.        ,  1.        ,  0.92920354,  0.484375  ,
        1.        ,  1.        ,  0.66666667]), array([ 1.        ,  0.85714286,  1.        ,  1.        ,  0.90265487,
        1.        ,  0.94285714,  0.75      ,  0.9375    ,  0.88888889,
        0.88888889,  0.95      ,  0.02857143,  0.94594595,  0.86111111,
        0.64705882,  0.5625    ,  1.        ]), array([ 1.        ,  0.92307692,  0.85714286,  0.96551724,  0.91071429,
        0.89130435,  0.91034483,  0.82758621,  0.90909091,  0.87272727,
        0.88888889,  0.97435897,  0.05555556,  0.9375    ,  0.62      ,
        0.78571429,  0.72      ,  0.8       ]), array([ 60,  63,  45,  42, 113,  82,  70,  32,  48,  54,  54,  60, 105,
       111, 108,  51,  48,  54]))
Accuracy: 0.823333333333
F1 score: 0.823333333333
Recall: 0.823333333333
Precision: 0.823333333333

 clasification report:
             precision    recall  f1-score   support

          0       1.00      1.00      1.00        60
          1       1.00      0.86      0.92        63
          2       0.75      1.00      0.86        45
          3       0.93      1.00      0.97        42
          4       0.92      0.90      0.91       113
          5       0.80      1.00      0.89        82
          6       0.88      0.94      0.91        70
          7       0.92      0.75      0.83        32
          8       0.88      0.94      0.91        48
          9       0.86      0.89      0.87        54
         10       0.89      0.89      0.89        54
         11       1.00      0.95      0.97        60
         12       1.00      0.03      0.06       105
         13       0.93      0.95      0.94       111
         14       0.48      0.86      0.62       108
         15       1.00      0.65      0.79        51
         16       1.00      0.56      0.72        48
         17       0.67      1.00      0.80        54

avg / total       0.87      0.82      0.80      1200


 confussion matrix:
/usr/lib/python2.7/dist-packages/scipy/sparse/coo.py:200: VisibleDeprecationWarning: `rank` is deprecated; use the `ndim` attribute
 or function instead. To find the rank of a matrix see `numpy.linalg.matrix_rank`.
  if np.rank(self.data) != 1 or np.rank(self.row) != 1 or np.rank(self.col) != 1:
[[ 60   0   0   0   0   0   0   0   0   0   0   0   0   0   0   0   0   0]
 [  0  54   9   0   0   0   0   0   0   0   0   0   0   0   0   0   0   0]
 [  0   0  45   0   0   0   0   0   0   0   0   0   0   0   0   0   0   0]
 [  0   0   0  42   0   0   0   0   0   0   0   0   0   0   0   0   0   0]
 [  0   0   0   3 102   8   0   0   0   0   0   0   0   0   0   0   0   0]
 [  0   0   0   0   0  82   0   0   0   0   0   0   0   0   0   0   0   0]
 [  0   0   0   0   0   0  66   2   0   0   0   0   0   2   0   0   0   0]
 [  0   0   0   0   0   0   0  24   0   2   0   0   0   6   0   0   0   0]
 [  0   0   0   0   0   0   0   0  45   0   0   0   0   0   0   0   0   3]
 [  0   0   0   0   0   0   0   0   0  48   0   0   0   0   0   0   0   6]
 [  0   0   0   0   0   0   0   0   0   0  48   0   0   0   3   0   0   3]
 [  0   0   0   0   0   0   0   0   0   0   3  57   0   0   0   0   0   0]
 [  0   0   0   0   0   0   0   0   6   0   0   0   3   0  96   0   0   0]
 [  0   0   0   0   0   0   0   0   0   6   0   0   0 105   0   0   0   0]
 [  0   0   0   0   0   0   0   0   0   0   0   0   0   0  93   0   0  15]
 [  0   0   0   0   3  12   0   0   0   0   3   0   0   0   0  33   0   0]
 [  0   0   6   0   6   0   9   0   0   0   0   0   0   0   0   0  27   0]
 [  0   0   0   0   0   0   0   0   0   0   0   0   0   0   0   0   0  54]]